01110
10001
10001
11111
10001

11110
10001
10110
10001
11110

01111
10000
10000
10000
01111

11110
10001
10001
10001
11110

11111
10000
11100
10000
11111

11111
10000
11100
10000
10000

01111
10000
10011
10001
01111

10001
10001
11111
10001
10001

00100
00100
00100
00100
00100

00001
00001
00001
10001
01110

10010
10100
11000
10100
10010

10000
10000
10000
10000
11110

10001
11011
10101
10001
10001

10001
11001
10101
10011
10001

01110
10001
10001
10001
01110

11110
10001
11110
10000
10000

01110
10001
10001
10011
01111

11110
10001
11110
10001
10001

01111
10000
01110
00001
11110

11111
00100
00100
00100
00100

10001
10001
10001
10001
01110

10001
10001
01010
01010
00100

10001
10001
10101
10101
01010

10001
01010
00100
01010
10001

10001
10001
01010
00100
00100

11111
00010
00100
01000
11111

