000000000000000000000000000000
000000000000000000000000000000
000000000000000000000000000000
000000000000000000000000000000
000011111111111111111111110000
000011111111111111111111110000
000011111111111111111111110000
000011111111111111111111110000
000011110000000000000011110000
000011110000000000000011110000
000011110000000000000011110000
000011110000000000000011110000
000011110000000000000011110000
000011110000000000000011110000
000011110000000000000011110000
000011110000000000000011110000
000011110000000000000011110000
000011110000000000000011110000
000011110000000000000011110000
000011110000000000000011110000
000011110000000000000011110000
000011110000000000000011110000
000011111111111111111111110000
000011111111111111111111110000
000011111111111111111111110000
000011111111111111111111110000
000000000000000000000000000000
000000000000000000000000000000
000000000000000000000000000000
000000000000000000000000000000