000000000000000000000000000000
000000000000000100000000000000
000000000000000100000000000000
000000000000001110000000000000
000000000000001110000000000000
000000000000011011000000000000
000000000000011011000000000000
000000000000110001100000000000
000000000000110001100000000000
000000000001100000110000000000
000000000001100000110000000000
000000000011000000011000000000
000000000011000000011000000000
000000000110000000001100000000
000000000110000000001100000000
000000001100000000000110000000
000000001100000000000110000000
000000011000000000000011000000
000000011000000000000011000000
000000110000000000000001100000
000000110000000000000001100000
000001100000000000000000110000
000001100000000000000000110000
000011000000000000000000011000
000011000000000000000000011000
000110000000000000000000001100
000111111111111111111111111100
000111111111111111111111111100
000000000000000000000000000000
000000000000000000000000000000